60 44 19 19 1.0
73 58 23 23 1.0
75 58 27 27 1.0
164 141 53 53 1.0
24 10 7 7 1.0
41 18 17 14 0.8928571428571429
2009 1773 587 587 1.0
108 4 43 23 0.5348837209302325
109 4 44 24 0.5454545454545454
407 390 58 57 0.9957627118644068
49 32 11 11 1.0
46 6 12 6 0.5
33 11 20 14 0.7
266 229 87 87 1.0
29 7 16 10 0.625
13 4 7 5 0.7142857142857143
5 2 4 3 0.8
41 18 17 14 0.8928571428571429

41 18 17 14 0.8928571428571429
41 18 17 14 0.8928571428571429
41 18 17 14=0.8928571428571429
41 18 17 14 0.8928571428571429
5 2 4 3 0.8
5 2 4 3 0.8
5 2 4 3 0.8
5 2 4 3 0.8
5 2 4 3 0.8
5 2 4 3 0.8
5 2 4 3 0.8
41 18 17 14 0.8928571428571429
