34/66 0.5151515151515151
43/91 0.4725274725274725
43/105 0.4095238095238095
342/666 0.5135135135135135
1/3 0.3333333333333333
4/15 0.26666666666666666
52491/94395 0.5560781821071031
1/1 1.0
1/1 1.0
12/55 0.21818181818181817
4/21 0.19047619047619047
0/1 0.0
6/6 1.0
1071/1953 0.5483870967741935
3/3 1.0
1/1 1.0
0/0 NaN
1.0, 
1.0, 
0.8945054945054945, 
0.962934362934363, 
1.0, 
0.7, 
1.0, 
NaN, 
NaN, 
0.5818181818181818, 
0.5142857142857142, 
NaN, 
1.0, 
1.0, 
1.0, 
NaN, 
NaN,
0.5151515151515151 1.0 1.0, 
0.4725274725274725 1.0 1.0, 
0.4095238095238095 0.8945054945054945 1.0, 
0.5135135135135135 0.962934362934363 1.0, 
0.3333333333333333 1.0 NaN, 
0.26666666666666666 0.7 1.0, 
0.5560781821071031 1.0 36.99522249667077, 
1.0 NaN NaN, 
1.0 NaN NaN, 
0.21818181818181817 0.5818181818181818 0.8909090909090909, 
0.19047619047619047 0.5142857142857142 0.8285714285714286, 
0.0 NaN NaN, 
1.0 1.0 1.0, 
0.5483870967741935 1.0 1.0, 
1.0 1.0 NaN, 
1.0 NaN NaN, 
NaN NaN NaN,
1.0, 
1.0, 
1.0, 
1.0, 
NaN, 
1.0, 
1.0, 
NaN, 
NaN, 
0.8909090909090909, 
0.8285714285714286, 
NaN, 
1.0, 
1.0, 
NaN, 
NaN, 
NaN, 
1.0, 
1.0, 
1.0, 
1.0, 
1.0, 
1.0, 
1.0, 
1.0, 
1.0, 
1.0, 
1.0, 
1.0, 
1.0, 
1.0, 
1.0, 
1.0, 
1.0, 
1.0, 
1.0, 
1.0, 
1.0, 
1.0, 
1.0, 
1.0, 
